           1       71255
           2       70903
           3       71298
           4       71315
           5       68641
           6       68339
           7       68737
           8       68729
           9       68150
          10       67814
          11       68256
          12       68192
          13       68132
          14       67824
          15       68257
          16       68209
          17       68628
          18       68294
          19       68710
          20       68705
          21       71265
          22       70873
          23       71352
          24       71172
          25       70921
          26       71235
          27       71312
          28       71230
          29       68380
          30       68599
          31       68648
          32       68642
          33       67866
          34       68102
          35       68138
          36       68158
          37       67850
          38       68108
          39       68156
          40       68181
          41       68321
          42       68622
          43       68647
          44       68632
          45       70901
          46       71278
          47       71144
          48       71299
          49       73668
          50       73365
          51       73697
          52       73243
          53       73669
          54       73639
          55       73647
          56       73574
          57       73675
          58       73448
          59       73636
          60       73372
          61       73590
          62       73820
          63       73629
          64       73796
          65       65233
          66       65123
          67       65320
          68       65194
          69       65399
          70       65576
          71       65369
          72       65371
          73       63097
          74       62743
          75       63068
          76       62765
          77       63187
          78       63248
          79       63115
          80       63164
          81       60222
          82       59923
          83       60179
          84       59887
          85       60396
          86       60331
          87       60249
          88       60259
          89       59767
          90       59483
          91       59763
          92       59496
          93       59997
          94       59962
          95       59841
          96       59840
          97       59787
          98       59501
          99       59785
         100       59465
         101       59977
         102       59968
         103       59827
         104       59815
         105       60211
         106       59914
         107       60255
         108       59910
         109       60383
         110       60322
         111       60227
         112       60226
         113       63111
         114       62794
         115       63139
         116       62726
         117       63199
         118       63174
         119       62965
         120       63152
         121       65389
         122       65112
         123       65399
         124       65135
         125       65389
         126       65351
         127       65480
         128       65386
         129       62943
         130       62615
         131       62882
         132       62625
         133       63078
         134       63117
         135       62901
         136       63018
         137       56035
         138       55630
         139       55736
         140       55842
         141       56093
         142       55989
         143       55826
         144       56004
         145       54139
         146       53696
         147       53966
         148       53943
         149       54248
         150       54106
         151       53913
         152       54005
         153       53960
         154       53579
         155       53851
         156       53760
         157       54082
         158       53989
         159       53772
         160       53847
         161       53963
         162       53573
         163       53861
         164       53743
         165       54061
         166       54003
         167       53772
         168       53856
         169       54046
         170       53714
         171       53993
         172       53862
         173       54155
         174       54102
         175       53929
         176       54035
         177       56013
         178       55516
         179       55967
         180       55719
         181       56063
         182       55932
         183       55787
         184       55941
         185       62945
         186       62679
         187       62982
         188       62637
         189       63080
         190       62863
         191       62982
         192       62914
         193       65357
         194       64953
         195       65262
         196       65096
         197       65410
         198       65253
         199       65327
         200       65204
         201       65233
         202       65012
         203       65218
         204       65037
         205       65317
         206       65409
         207       65235
         208       65246
         209       61923
         210       61840
         211       61932
         212       61845
         213       62145
         214       62105
         215       62058
         216       62033
         217       59664
         218       59216
         219       59489
         220       59426
         221       59718
         222       59744
         223       59512
         224       59748
         225       53908
         226       53481
         227       53668
         228       53796
         229       54019
         230       53869
         231       53645
         232       53856
         233       52627
         234       52217
         235       52450
         236       52448
         237       52705
         238       52600
         239       52413
         240       52528
         241       52728
         242       52302
         243       52514
         244       52529
         245       52805
         246       52667
         247       52515
         248       52598
         249       52729
         250       52303
         251       52521
         252       52526
         253       52800
         254       52688
         255       52525
         256       52587
         257       52619
         258       52206
         259       52481
         260       52408
         261       52695
         262       52631
         263       52450
         264       52571
         265       53837
         266       53434
         267       53847
         268       53605
         269       53964
         270       53777
         271       53688
         272       53871
         273       59615
         274       59286
         275       59690
         276       59367
         277       59806
         278       59532
         279       59542
         280       59559
         281       62135
         282       61849
         283       62150
         284       61850
         285       62178
         286       62028
         287       62114
         288       62055
         289       66246
         290       65970
         291       66195
         292       65946
         293       66318
         294       66451
         295       66346
         296       66323
         297       56642
         298       56143
         299       56278
         300       56403
         301       56677
         302       56523
         303       56391
         304       56595
         305       52672
         306       52266
         307       52558
         308       52549
         309       52832
         310       52672
         311       52433
         312       52594
         313       52159
         314       51701
         315       51977
         316       51968
         317       52267
         318       52160
         319       51903
         320       51961
         321       52468
         322       52018
         323       52284
         324       52274
         325       52546
         326       52419
         327       52216
         328       52330
         329       52465
